reidentifier:
   name: Serh
   meanVector_rows: 1
   meanVector_cols: 6
   meanVector_dt: f
   meanVector_data: [ 1.48504, 0.326878, 0.272574, 0.00103721, 0.0041349, 0.00081106 ]
   icovMatrix_rows: 6
   icovMatrix_cols: 6
   icovMatrix_dt: f
   icovMatrix_data: [ 77.3364, -2.85782, 4.08777, 2.81969e-11, 1.12788e-10, -1.40984e-11, -2.85782, 4.71681, 0.735461, -1.08547e-12, -4.34188e-12, 5.42735e-13, 4.08777, 0.735461, 2.56511, 1.52248e-12, 6.08993e-12, -7.61241e-13, 2.81969e-11, -1.08547e-12, 1.52248e-12, 1.02818e-23, 4.1127e-23, -5.14088e-24, 1.12788e-10, -4.34188e-12, 6.08993e-12, 4.1127e-23, 1.64508e-22, -2.05635e-23, -1.40984e-11, 5.42735e-13, -7.61241e-13, -5.14088e-24, -2.05635e-23, 2.57044e-24 ]
