reidentifier:
   name: User
   meanVector_rows: 1
   meanVector_cols: 6
   meanVector_dt: f
   meanVector_data: [ 1.74254, 0.48146, 0.17152, 0.00301, 0.00105, 0.00381 ]
   icovMatrix_rows: 6
   icovMatrix_cols: 6
   icovMatrix_dt: f
   icovMatrix_data: [ 0.0, -4924.46676730135, -36094.1217405852, -26464.7225430615, -437695.020739353, -12422.5876584007, -4924.46676730135, 46309.0498898129, 4767.50995747884, 13825.7469400038, -296278.586666744, -26724.4041956262, -36094.1217405852, 4767.50995747884, 37323.1101251346, 53093.7913404083, 39539.3453913282, -9914.16637344173, -26464.7225430615, 13825.7469400038, 53093.7913404083, 2758446.41770109, -187453.214830980, -640821.271985997, -437695.020739353, -296278.586666744, 39539.3453913282, -187453.214830980, 39747775.5227392, -845975.970992215, -12422.5876584007, -26724.4041956262, -9914.16637344173, -640821.271985997, -845975.970992215, 2056395.30171216 ]
