reidentifier:
   name: Serhan
   meanVector_rows: 1
   meanVector_cols: 6
   meanVector_dt: f
   meanVector_data: [ 1.48504, 0.323457, 0.273722, 0.00103721, 0.0041349, 0.00081106 ]
   icovMatrix_rows: 6
   icovMatrix_cols: 6
   icovMatrix_dt: f
   icovMatrix_data: [ 76.2801, -2.41381, 4.06321, 2.75236e-11, 1.10094e-10, -1.37618e-11, -2.41381, 5.11377, 0.739984, -9.05286e-13, -3.62114e-12, 4.52643e-13, 4.06321, 0.739984, 2.5646, 1.50287e-12, 6.01147e-12, -7.51434e-13, 2.75236e-11, -9.05286e-13, 1.50287e-12, 9.93222e-24, 3.97289e-23, -4.96611e-24, 1.10094e-10, -3.62115e-12, 6.01148e-12, 3.97289e-23, 1.58915e-22, -1.98644e-23, -1.37618e-11, 4.52643e-13, -7.51435e-13, -4.96611e-24, -1.98644e-23, 2.48305e-24 ]
