reidentifier:
   name: User
   meanVector_rows: 1
   meanVector_cols: 6
   meanVector_dt: f
   meanVector_data: [ 1.74541, 0.501409, 0.240468, 0.00258102, 0.00356874, 0.00380607 ]
   icovMatrix_rows: 6
   icovMatrix_cols: 6
   icovMatrix_dt: f
   icovMatrix_data: [ 7.3257, -12.7562, -27.8734, 131.224, -11.8437, 163.249, -12.7562, 34.2111, 26.2683, -302.091, -2.42197, -119.794, -27.8734, 26.2683, 171.166, -659.945, -49.0187, -1062.23, 131.223, -302.09, -659.943, 33078.2, -3301.71, 2345.84, -11.8435, -2.42227, -49.0196, -3301.71, 12641.3, -1169.13, 163.249, -119.795, -1062.23, 2345.85, -1169.14, 7122.16 ]
