reidentifier:
   name: Serhan
   meanVector_rows: 1
   meanVector_cols: 6
   meanVector_dt: f
   meanVector_data: [ 1.87853201834862, 0.456661256880734, 0.230268837920489, 0.00305377353486238, 0.00533947036697248, 0.00104583835168196 ]
   icovMatrix_rows: 6
   icovMatrix_cols: 6
   icovMatrix_dt: f
   icovMatrix_data: [14114.2174837666, -79.2302678985733, -2213.22317036452, 911.923950801950, 6601.50811210063, -2173.72545466856, -79.2302678985733, 183.759679669426, 361.582996625463, 80.8291108841621, 313.857928649062, -3825.87850927843, -2213.22317036452, 361.582996625463, 3071.23152386922, -1817.94345699162, -2202.53480717678, 2893.28518942465, 911.923950801950, 80.8291108841621, -1817.94345699162, 123499.937466089, -57710.7774207071, 31581.5057114627, 6601.50811210063, 313.857928649062, -2202.53480717678, -57710.7774207071, 135113.191301226, -39587.2439050343, -2173.72545466856, -3825.87850927843, 2893.28518942465, 31581.5057114627, -39587.2439050343, 1048465.47324181]


